120 5798
120 5798
131 6849
131 6849
142 5198
142 5198
143 5097
143 5097
154 10791
154 10791
160 6480
160 6480
163 5060
163 5060
180 4256
180 4256
311 10475
311 10475
312 12426
312 12426
331 13202
331 13202
332 12977
332 12977
333 13072
333 13072
340 4755
340 4755
341 20312
341 20312
344 10806
344 10806
351 13310
351 13310
352 5797
352 5797
369 7515
369 7515
373 21662
373 21662
374 8539
374 8539
391 8486
391 8486
401 14071
401 14071
402 3993
402 3993
403 16123
403 16123
410 7233
410 7233
412 4037
412 4037
413 7896
413 7896
414 7307
414 7307
415 9174
415 9174
416 5794
416 5794
417 9116
417 9116
421 16310
421 16310
427 7326
427 7326
428 6471
428 6471
431 9655
431 9655
440 9590
440 9590
441 6418
441 6418
442 4970
442 4970
444 14536
444 14536
446 9097
446 9097
447 4630
447 4630
451 7483
451 7483
452 6784
452 6784
454 6859
454 6859
455 8452
455 8452
456 7110
456 7110
457 15160
457 15160
458 9072
458 9072
459 8429
459 8429
460 9022
460 9022
461 19427
461 19427
464 6743
464 6743
466 8324
466 8324
467 8799
467 8799
470 5174
470 5174
473 15219
473 15219
474 5378
474 5378
475 7491
475 7491
478 4148
478 4148
484 9361
484 9361
486 4697
486 4697
487 4319
487 4319
488 4892
488 4892
456 7110
456 7110
491 3962
491 3962
497 5961
497 5961
501 6019
501 6019
503 5323
503 5323
504 3790
504 3790
505 5179
505 5179
506 3597
506 3597
510 5033
510 5033
517 4703
517 4703
521 5382
521 5382
524 4929
524 4929
527 4409
527 4409
531 3547
531 3547
544 5158
544 5158
545 4492
545 4492
546 6085
546 6085
548 5141
548 5141
551 4902
551 4902
552 4405
552 4405
557 5878
557 5878
561 5515
561 5515
567 4443
567 4443
573 5624
573 5624
576 4920
576 4920
590 6072
590 6072
595 3764
595 3764
501 7521
501 7521
503 7531
503 7531
504 4075
504 4075
505 9230
505 9230
506 4191
506 4191
507 5090
507 5090
510 7090
510 7090
512 4804
512 4804
515 5683
515 5683
517 5148
517 5148
521 9919
521 9919
522 6130
522 6130
525 5526
525 5526
527 8058
527 8058
528 5046
528 5046
529 3180
529 3180
531 7228
531 7228
532 4339
532 4339
533 4777
533 4777
535 4159
535 4159
543 3547
543 3547
544 7936
544 7936
546 7352
546 7352
547 5397
547 5397
548 8593
548 8593
549 5777
549 5777
550 6115
550 6115
551 7698
551 7698
552 4813
552 4813
556 3921
556 3921
557 7450
557 7450
558 5593
558 5593
561 6731
561 6731
564 5182
564 5182
567 6401
567 6401
571 5615
571 5615
573 8265
573 8265
574 6260
574 6260
576 9250
576 9250
577 4482
577 4482
583 5145
583 5145
586 5539
586 5539
587 3976
587 3976
